0,00004	
480	
0,139	
580	
0,870	
690	
0,0082
390	
0,00012	
490	
0,208	
590	
0,757	
700	
0,0041
400	
0,00040	
500	
0,323	
600	
0,631	
710	
0,0021
410	
0,0012	
510	
0,503	
610	
0,503	
720	
0,00105
420	
0,0040	
520	
0,710	
620	
0,381	
730	
0,00052
430	
0,0116	
530	
0,862	
630	
0,265	
740	
0,00025
440	
0,023	
540	
0,954	
640	
0,175	
750	
0,00012
450	
0,038	
550	
0,995	
650	
0,107	
760	
0,00006
460	
0,060	
555	
1,0000	
660	
0,061	
770	
0,00003
470	
0,091	
560	
0,995	
670	
0,032	
570	
0,952	
680	
0,017	

 